=== Window 1 | lineIdx=3 | rows 0,1,2 ===

Read 1 (memIndex=0):
    0   1   2
   32  33  34
   64  65  66

Read 2 (memIndex=1):
    1   2   3
   33  34  35
   65  66  67

Read 3 (memIndex=2):
    2   3   4
   34  35  36
   66  67  68

Read 4 (memIndex=3):
    3   4   5
   35  36  37
   67  68  69

Read 5 (memIndex=4):
    4   5   6
   36  37  38
   68  69  70

Read 6 (memIndex=5):
    5   6   7
   37  38  39
   69  70  71

Read 7 (memIndex=6):
    6   7   8
   38  39  40
   70  71  72

Read 8 (memIndex=7):
    7   8   9
   39  40  41
   71  72  73

Read 9 (memIndex=8):
    8   9  10
   40  41  42
   72  73  74

Read 10 (memIndex=9):
    9  10  11
   41  42  43
   73  74  75

Read 11 (memIndex=10):
   10  11  12
   42  43  44
   74  75  76

Read 12 (memIndex=11):
   11  12  13
   43  44  45
   75  76  77

Read 13 (memIndex=12):
   12  13  14
   44  45  46
   76  77  78

Read 14 (memIndex=13):
   13  14  15
   45  46  47
   77  78  79

Read 15 (memIndex=14):
   14  15  16
   46  47  48
   78  79  80

Read 16 (memIndex=15):
   15  16  17
   47  48  49
   79  80  81

Read 17 (memIndex=16):
   16  17  18
   48  49  50
   80  81  82

Read 18 (memIndex=17):
   17  18  19
   49  50  51
   81  82  83

Read 19 (memIndex=18):
   18  19  20
   50  51  52
   82  83  84

Read 20 (memIndex=19):
   19  20  21
   51  52  53
   83  84  85

Read 21 (memIndex=20):
   20  21  22
   52  53  54
   84  85  86

Read 22 (memIndex=21):
   21  22  23
   53  54  55
   85  86  87

Read 23 (memIndex=22):
   22  23  24
   54  55  56
   86  87  88

Read 24 (memIndex=23):
   23  24  25
   55  56  57
   87  88  89

Read 25 (memIndex=24):
   24  25  26
   56  57  58
   88  89  90

Read 26 (memIndex=25):
   25  26  27
   57  58  59
   89  90  91

Read 27 (memIndex=26):
   26  27  28
   58  59  60
   90  91  92

Read 28 (memIndex=27):
   27  28  29
   59  60  61
   91  92  93

Read 29 (memIndex=28):
   28  29  30
   60  61  62
   92  93  94

Read 30 (memIndex=29):
   29  30  31
   61  62  63
   93  94  95

=== Window 2 | lineIdx=0 | rows 1,2,3 ===

Read 1 (memIndex=0):
   32  33  34
   64  65  66
   96  97  98

Read 2 (memIndex=1):
   33  34  35
   65  66  67
   97  98  99

Read 3 (memIndex=2):
   34  35  36
   66  67  68
   98  99 100

Read 4 (memIndex=3):
   35  36  37
   67  68  69
   99 100 101

Read 5 (memIndex=4):
   36  37  38
   68  69  70
  100 101 102

Read 6 (memIndex=5):
   37  38  39
   69  70  71
  101 102 103

Read 7 (memIndex=6):
   38  39  40
   70  71  72
  102 103 104

Read 8 (memIndex=7):
   39  40  41
   71  72  73
  103 104 105

Read 9 (memIndex=8):
   40  41  42
   72  73  74
  104 105 106

Read 10 (memIndex=9):
   41  42  43
   73  74  75
  105 106 107

Read 11 (memIndex=10):
   42  43  44
   74  75  76
  106 107 108

Read 12 (memIndex=11):
   43  44  45
   75  76  77
  107 108 109

Read 13 (memIndex=12):
   44  45  46
   76  77  78
  108 109 110

Read 14 (memIndex=13):
   45  46  47
   77  78  79
  109 110 111

Read 15 (memIndex=14):
   46  47  48
   78  79  80
  110 111 112

Read 16 (memIndex=15):
   47  48  49
   79  80  81
  111 112 113

Read 17 (memIndex=16):
   48  49  50
   80  81  82
  112 113 114

Read 18 (memIndex=17):
   49  50  51
   81  82  83
  113 114 115

Read 19 (memIndex=18):
   50  51  52
   82  83  84
  114 115 116

Read 20 (memIndex=19):
   51  52  53
   83  84  85
  115 116 117

Read 21 (memIndex=20):
   52  53  54
   84  85  86
  116 117 118

Read 22 (memIndex=21):
   53  54  55
   85  86  87
  117 118 119

Read 23 (memIndex=22):
   54  55  56
   86  87  88
  118 119 120

Read 24 (memIndex=23):
   55  56  57
   87  88  89
  119 120 121

Read 25 (memIndex=24):
   56  57  58
   88  89  90
  120 121 122

Read 26 (memIndex=25):
   57  58  59
   89  90  91
  121 122 123

Read 27 (memIndex=26):
   58  59  60
   90  91  92
  122 123 124

Read 28 (memIndex=27):
   59  60  61
   91  92  93
  123 124 125

Read 29 (memIndex=28):
   60  61  62
   92  93  94
  124 125 126

Read 30 (memIndex=29):
   61  62  63
   93  94  95
  125 126 127

=== Window 3 | lineIdx=1 | rows 2,3,4 ===

Read 1 (memIndex=0):
   64  65  66
   96  97  98
  128 129 130

Read 2 (memIndex=1):
   65  66  67
   97  98  99
  129 130 131

Read 3 (memIndex=2):
   66  67  68
   98  99 100
  130 131 132

Read 4 (memIndex=3):
   67  68  69
   99 100 101
  131 132 133

Read 5 (memIndex=4):
   68  69  70
  100 101 102
  132 133 134

Read 6 (memIndex=5):
   69  70  71
  101 102 103
  133 134 135

Read 7 (memIndex=6):
   70  71  72
  102 103 104
  134 135 136

Read 8 (memIndex=7):
   71  72  73
  103 104 105
  135 136 137

Read 9 (memIndex=8):
   72  73  74
  104 105 106
  136 137 138

Read 10 (memIndex=9):
   73  74  75
  105 106 107
  137 138 139

Read 11 (memIndex=10):
   74  75  76
  106 107 108
  138 139 140

Read 12 (memIndex=11):
   75  76  77
  107 108 109
  139 140 141

Read 13 (memIndex=12):
   76  77  78
  108 109 110
  140 141 142

Read 14 (memIndex=13):
   77  78  79
  109 110 111
  141 142 143

Read 15 (memIndex=14):
   78  79  80
  110 111 112
  142 143 144

Read 16 (memIndex=15):
   79  80  81
  111 112 113
  143 144 145

Read 17 (memIndex=16):
   80  81  82
  112 113 114
  144 145 146

Read 18 (memIndex=17):
   81  82  83
  113 114 115
  145 146 147

Read 19 (memIndex=18):
   82  83  84
  114 115 116
  146 147 148

Read 20 (memIndex=19):
   83  84  85
  115 116 117
  147 148 149

Read 21 (memIndex=20):
   84  85  86
  116 117 118
  148 149 150

Read 22 (memIndex=21):
   85  86  87
  117 118 119
  149 150 151

Read 23 (memIndex=22):
   86  87  88
  118 119 120
  150 151 152

Read 24 (memIndex=23):
   87  88  89
  119 120 121
  151 152 153

Read 25 (memIndex=24):
   88  89  90
  120 121 122
  152 153 154

Read 26 (memIndex=25):
   89  90  91
  121 122 123
  153 154 155

Read 27 (memIndex=26):
   90  91  92
  122 123 124
  154 155 156

Read 28 (memIndex=27):
   91  92  93
  123 124 125
  155 156 157

Read 29 (memIndex=28):
   92  93  94
  124 125 126
  156 157 158

Read 30 (memIndex=29):
   93  94  95
  125 126 127
  157 158 159

=== Window 4 | lineIdx=2 | rows 3,4,5 ===

Read 1 (memIndex=0):
   96  97  98
  128 129 130
  160 161 162

Read 2 (memIndex=1):
   97  98  99
  129 130 131
  161 162 163

Read 3 (memIndex=2):
   98  99 100
  130 131 132
  162 163 164

Read 4 (memIndex=3):
   99 100 101
  131 132 133
  163 164 165

Read 5 (memIndex=4):
  100 101 102
  132 133 134
  164 165 166

Read 6 (memIndex=5):
  101 102 103
  133 134 135
  165 166 167

Read 7 (memIndex=6):
  102 103 104
  134 135 136
  166 167 168

Read 8 (memIndex=7):
  103 104 105
  135 136 137
  167 168 169

Read 9 (memIndex=8):
  104 105 106
  136 137 138
  168 169 170

Read 10 (memIndex=9):
  105 106 107
  137 138 139
  169 170 171

Read 11 (memIndex=10):
  106 107 108
  138 139 140
  170 171 172

Read 12 (memIndex=11):
  107 108 109
  139 140 141
  171 172 173

Read 13 (memIndex=12):
  108 109 110
  140 141 142
  172 173 174

Read 14 (memIndex=13):
  109 110 111
  141 142 143
  173 174 175

Read 15 (memIndex=14):
  110 111 112
  142 143 144
  174 175 176

Read 16 (memIndex=15):
  111 112 113
  143 144 145
  175 176 177

Read 17 (memIndex=16):
  112 113 114
  144 145 146
  176 177 178

Read 18 (memIndex=17):
  113 114 115
  145 146 147
  177 178 179

Read 19 (memIndex=18):
  114 115 116
  146 147 148
  178 179 180

Read 20 (memIndex=19):
  115 116 117
  147 148 149
  179 180 181

Read 21 (memIndex=20):
  116 117 118
  148 149 150
  180 181 182

Read 22 (memIndex=21):
  117 118 119
  149 150 151
  181 182 183

Read 23 (memIndex=22):
  118 119 120
  150 151 152
  182 183 184

Read 24 (memIndex=23):
  119 120 121
  151 152 153
  183 184 185

Read 25 (memIndex=24):
  120 121 122
  152 153 154
  184 185 186

Read 26 (memIndex=25):
  121 122 123
  153 154 155
  185 186 187

Read 27 (memIndex=26):
  122 123 124
  154 155 156
  186 187 188

Read 28 (memIndex=27):
  123 124 125
  155 156 157
  187 188 189

Read 29 (memIndex=28):
  124 125 126
  156 157 158
  188 189 190

Read 30 (memIndex=29):
  125 126 127
  157 158 159
  189 190 191

=== Window 5 | lineIdx=3 | rows 4,5,6 ===

Read 1 (memIndex=0):
  128 129 130
  160 161 162
  192 193 194

Read 2 (memIndex=1):
  129 130 131
  161 162 163
  193 194 195

Read 3 (memIndex=2):
  130 131 132
  162 163 164
  194 195 196

Read 4 (memIndex=3):
  131 132 133
  163 164 165
  195 196 197

Read 5 (memIndex=4):
  132 133 134
  164 165 166
  196 197 198

Read 6 (memIndex=5):
  133 134 135
  165 166 167
  197 198 199

Read 7 (memIndex=6):
  134 135 136
  166 167 168
  198 199 200

Read 8 (memIndex=7):
  135 136 137
  167 168 169
  199 200 201

Read 9 (memIndex=8):
  136 137 138
  168 169 170
  200 201 202

Read 10 (memIndex=9):
  137 138 139
  169 170 171
  201 202 203

Read 11 (memIndex=10):
  138 139 140
  170 171 172
  202 203 204

Read 12 (memIndex=11):
  139 140 141
  171 172 173
  203 204 205

Read 13 (memIndex=12):
  140 141 142
  172 173 174
  204 205 206

Read 14 (memIndex=13):
  141 142 143
  173 174 175
  205 206 207

Read 15 (memIndex=14):
  142 143 144
  174 175 176
  206 207 208

Read 16 (memIndex=15):
  143 144 145
  175 176 177
  207 208 209

Read 17 (memIndex=16):
  144 145 146
  176 177 178
  208 209 210

Read 18 (memIndex=17):
  145 146 147
  177 178 179
  209 210 211

Read 19 (memIndex=18):
  146 147 148
  178 179 180
  210 211 212

Read 20 (memIndex=19):
  147 148 149
  179 180 181
  211 212 213

Read 21 (memIndex=20):
  148 149 150
  180 181 182
  212 213 214

Read 22 (memIndex=21):
  149 150 151
  181 182 183
  213 214 215

Read 23 (memIndex=22):
  150 151 152
  182 183 184
  214 215 216

Read 24 (memIndex=23):
  151 152 153
  183 184 185
  215 216 217

Read 25 (memIndex=24):
  152 153 154
  184 185 186
  216 217 218

Read 26 (memIndex=25):
  153 154 155
  185 186 187
  217 218 219

Read 27 (memIndex=26):
  154 155 156
  186 187 188
  218 219 220

Read 28 (memIndex=27):
  155 156 157
  187 188 189
  219 220 221

Read 29 (memIndex=28):
  156 157 158
  188 189 190
  220 221 222

Read 30 (memIndex=29):
  157 158 159
  189 190 191
  221 222 223

=== Window 6 | lineIdx=0 | rows 5,6,7 ===

Read 1 (memIndex=0):
  160 161 162
  192 193 194
  224 225 226

Read 2 (memIndex=1):
  161 162 163
  193 194 195
  225 226 227

Read 3 (memIndex=2):
  162 163 164
  194 195 196
  226 227 228

Read 4 (memIndex=3):
  163 164 165
  195 196 197
  227 228 229

Read 5 (memIndex=4):
  164 165 166
  196 197 198
  228 229 230

Read 6 (memIndex=5):
  165 166 167
  197 198 199
  229 230 231

Read 7 (memIndex=6):
  166 167 168
  198 199 200
  230 231 232

Read 8 (memIndex=7):
  167 168 169
  199 200 201
  231 232 233

Read 9 (memIndex=8):
  168 169 170
  200 201 202
  232 233 234

Read 10 (memIndex=9):
  169 170 171
  201 202 203
  233 234 235

Read 11 (memIndex=10):
  170 171 172
  202 203 204
  234 235 236

Read 12 (memIndex=11):
  171 172 173
  203 204 205
  235 236 237

Read 13 (memIndex=12):
  172 173 174
  204 205 206
  236 237 238

Read 14 (memIndex=13):
  173 174 175
  205 206 207
  237 238 239

Read 15 (memIndex=14):
  174 175 176
  206 207 208
  238 239 240

Read 16 (memIndex=15):
  175 176 177
  207 208 209
  239 240 241

Read 17 (memIndex=16):
  176 177 178
  208 209 210
  240 241 242

Read 18 (memIndex=17):
  177 178 179
  209 210 211
  241 242 243

Read 19 (memIndex=18):
  178 179 180
  210 211 212
  242 243 244

Read 20 (memIndex=19):
  179 180 181
  211 212 213
  243 244 245

Read 21 (memIndex=20):
  180 181 182
  212 213 214
  244 245 246

Read 22 (memIndex=21):
  181 182 183
  213 214 215
  245 246 247

Read 23 (memIndex=22):
  182 183 184
  214 215 216
  246 247 248

Read 24 (memIndex=23):
  183 184 185
  215 216 217
  247 248 249

Read 25 (memIndex=24):
  184 185 186
  216 217 218
  248 249 250

Read 26 (memIndex=25):
  185 186 187
  217 218 219
  249 250 251

Read 27 (memIndex=26):
  186 187 188
  218 219 220
  250 251 252

Read 28 (memIndex=27):
  187 188 189
  219 220 221
  251 252 253

Read 29 (memIndex=28):
  188 189 190
  220 221 222
  252 253 254

Read 30 (memIndex=29):
  189 190 191
  221 222 223
  253 254 255

=== Window 7 | lineIdx=1 | rows 6,7,8 ===

Read 1 (memIndex=0):
  192 193 194
  224 225 226
    0   1   2

Read 2 (memIndex=1):
  193 194 195
  225 226 227
    1   2   3

Read 3 (memIndex=2):
  194 195 196
  226 227 228
    2   3   4

Read 4 (memIndex=3):
  195 196 197
  227 228 229
    3   4   5

Read 5 (memIndex=4):
  196 197 198
  228 229 230
    4   5   6

Read 6 (memIndex=5):
  197 198 199
  229 230 231
    5   6   7

Read 7 (memIndex=6):
  198 199 200
  230 231 232
    6   7   8

Read 8 (memIndex=7):
  199 200 201
  231 232 233
    7   8   9

Read 9 (memIndex=8):
  200 201 202
  232 233 234
    8   9  10

Read 10 (memIndex=9):
  201 202 203
  233 234 235
    9  10  11

Read 11 (memIndex=10):
  202 203 204
  234 235 236
   10  11  12

Read 12 (memIndex=11):
  203 204 205
  235 236 237
   11  12  13

Read 13 (memIndex=12):
  204 205 206
  236 237 238
   12  13  14

Read 14 (memIndex=13):
  205 206 207
  237 238 239
   13  14  15

Read 15 (memIndex=14):
  206 207 208
  238 239 240
   14  15  16

Read 16 (memIndex=15):
  207 208 209
  239 240 241
   15  16  17

Read 17 (memIndex=16):
  208 209 210
  240 241 242
   16  17  18

Read 18 (memIndex=17):
  209 210 211
  241 242 243
   17  18  19

Read 19 (memIndex=18):
  210 211 212
  242 243 244
   18  19  20

Read 20 (memIndex=19):
  211 212 213
  243 244 245
   19  20  21

Read 21 (memIndex=20):
  212 213 214
  244 245 246
   20  21  22

Read 22 (memIndex=21):
  213 214 215
  245 246 247
   21  22  23

Read 23 (memIndex=22):
  214 215 216
  246 247 248
   22  23  24

Read 24 (memIndex=23):
  215 216 217
  247 248 249
   23  24  25

Read 25 (memIndex=24):
  216 217 218
  248 249 250
   24  25  26

Read 26 (memIndex=25):
  217 218 219
  249 250 251
   25  26  27

Read 27 (memIndex=26):
  218 219 220
  250 251 252
   26  27  28

Read 28 (memIndex=27):
  219 220 221
  251 252 253
   27  28  29

Read 29 (memIndex=28):
  220 221 222
  252 253 254
   28  29  30

Read 30 (memIndex=29):
  221 222 223
  253 254 255
   29  30  31

=== Window 8 | lineIdx=2 | rows 7,8,9 ===

Read 1 (memIndex=0):
  224 225 226
    0   1   2
   32  33  34

Read 2 (memIndex=1):
  225 226 227
    1   2   3
   33  34  35

Read 3 (memIndex=2):
  226 227 228
    2   3   4
   34  35  36

Read 4 (memIndex=3):
  227 228 229
    3   4   5
   35  36  37

Read 5 (memIndex=4):
  228 229 230
    4   5   6
   36  37  38

Read 6 (memIndex=5):
  229 230 231
    5   6   7
   37  38  39

Read 7 (memIndex=6):
  230 231 232
    6   7   8
   38  39  40

Read 8 (memIndex=7):
  231 232 233
    7   8   9
   39  40  41

Read 9 (memIndex=8):
  232 233 234
    8   9  10
   40  41  42

Read 10 (memIndex=9):
  233 234 235
    9  10  11
   41  42  43

Read 11 (memIndex=10):
  234 235 236
   10  11  12
   42  43  44

Read 12 (memIndex=11):
  235 236 237
   11  12  13
   43  44  45

Read 13 (memIndex=12):
  236 237 238
   12  13  14
   44  45  46

Read 14 (memIndex=13):
  237 238 239
   13  14  15
   45  46  47

Read 15 (memIndex=14):
  238 239 240
   14  15  16
   46  47  48

Read 16 (memIndex=15):
  239 240 241
   15  16  17
   47  48  49

Read 17 (memIndex=16):
  240 241 242
   16  17  18
   48  49  50

Read 18 (memIndex=17):
  241 242 243
   17  18  19
   49  50  51

Read 19 (memIndex=18):
  242 243 244
   18  19  20
   50  51  52

Read 20 (memIndex=19):
  243 244 245
   19  20  21
   51  52  53

Read 21 (memIndex=20):
  244 245 246
   20  21  22
   52  53  54

Read 22 (memIndex=21):
  245 246 247
   21  22  23
   53  54  55

Read 23 (memIndex=22):
  246 247 248
   22  23  24
   54  55  56

Read 24 (memIndex=23):
  247 248 249
   23  24  25
   55  56  57

Read 25 (memIndex=24):
  248 249 250
   24  25  26
   56  57  58

Read 26 (memIndex=25):
  249 250 251
   25  26  27
   57  58  59

Read 27 (memIndex=26):
  250 251 252
   26  27  28
   58  59  60

Read 28 (memIndex=27):
  251 252 253
   27  28  29
   59  60  61

Read 29 (memIndex=28):
  252 253 254
   28  29  30
   60  61  62

Read 30 (memIndex=29):
  253 254 255
   29  30  31
   61  62  63

=== Window 9 | lineIdx=3 | rows 8,9,10 ===

Read 1 (memIndex=0):
    0   1   2
   32  33  34
   64  65  66

Read 2 (memIndex=1):
    1   2   3
   33  34  35
   65  66  67

Read 3 (memIndex=2):
    2   3   4
   34  35  36
   66  67  68

Read 4 (memIndex=3):
    3   4   5
   35  36  37
   67  68  69

Read 5 (memIndex=4):
    4   5   6
   36  37  38
   68  69  70

Read 6 (memIndex=5):
    5   6   7
   37  38  39
   69  70  71

Read 7 (memIndex=6):
    6   7   8
   38  39  40
   70  71  72

Read 8 (memIndex=7):
    7   8   9
   39  40  41
   71  72  73

Read 9 (memIndex=8):
    8   9  10
   40  41  42
   72  73  74

Read 10 (memIndex=9):
    9  10  11
   41  42  43
   73  74  75

Read 11 (memIndex=10):
   10  11  12
   42  43  44
   74  75  76

Read 12 (memIndex=11):
   11  12  13
   43  44  45
   75  76  77

Read 13 (memIndex=12):
   12  13  14
   44  45  46
   76  77  78

Read 14 (memIndex=13):
   13  14  15
   45  46  47
   77  78  79

Read 15 (memIndex=14):
   14  15  16
   46  47  48
   78  79  80

Read 16 (memIndex=15):
   15  16  17
   47  48  49
   79  80  81

Read 17 (memIndex=16):
   16  17  18
   48  49  50
   80  81  82

Read 18 (memIndex=17):
   17  18  19
   49  50  51
   81  82  83

Read 19 (memIndex=18):
   18  19  20
   50  51  52
   82  83  84

Read 20 (memIndex=19):
   19  20  21
   51  52  53
   83  84  85

Read 21 (memIndex=20):
   20  21  22
   52  53  54
   84  85  86

Read 22 (memIndex=21):
   21  22  23
   53  54  55
   85  86  87

Read 23 (memIndex=22):
   22  23  24
   54  55  56
   86  87  88

Read 24 (memIndex=23):
   23  24  25
   55  56  57
   87  88  89

Read 25 (memIndex=24):
   24  25  26
   56  57  58
   88  89  90

Read 26 (memIndex=25):
   25  26  27
   57  58  59
   89  90  91

Read 27 (memIndex=26):
   26  27  28
   58  59  60
   90  91  92

Read 28 (memIndex=27):
   27  28  29
   59  60  61
   91  92  93

Read 29 (memIndex=28):
   28  29  30
   60  61  62
   92  93  94

Read 30 (memIndex=29):
   29  30  31
   61  62  63
   93  94  95

=== Window 10 | lineIdx=0 | rows 9,10,11 ===

Read 1 (memIndex=0):
   32  33  34
   64  65  66
   96  97  98

Read 2 (memIndex=1):
   33  34  35
   65  66  67
   97  98  99

Read 3 (memIndex=2):
   34  35  36
   66  67  68
   98  99 100

Read 4 (memIndex=3):
   35  36  37
   67  68  69
   99 100 101

Read 5 (memIndex=4):
   36  37  38
   68  69  70
  100 101 102

Read 6 (memIndex=5):
   37  38  39
   69  70  71
  101 102 103

Read 7 (memIndex=6):
   38  39  40
   70  71  72
  102 103 104

Read 8 (memIndex=7):
   39  40  41
   71  72  73
  103 104 105

Read 9 (memIndex=8):
   40  41  42
   72  73  74
  104 105 106

Read 10 (memIndex=9):
   41  42  43
   73  74  75
  105 106 107

Read 11 (memIndex=10):
   42  43  44
   74  75  76
  106 107 108

Read 12 (memIndex=11):
   43  44  45
   75  76  77
  107 108 109

Read 13 (memIndex=12):
   44  45  46
   76  77  78
  108 109 110

Read 14 (memIndex=13):
   45  46  47
   77  78  79
  109 110 111

Read 15 (memIndex=14):
   46  47  48
   78  79  80
  110 111 112

Read 16 (memIndex=15):
   47  48  49
   79  80  81
  111 112 113

Read 17 (memIndex=16):
   48  49  50
   80  81  82
  112 113 114

Read 18 (memIndex=17):
   49  50  51
   81  82  83
  113 114 115

Read 19 (memIndex=18):
   50  51  52
   82  83  84
  114 115 116

Read 20 (memIndex=19):
   51  52  53
   83  84  85
  115 116 117

Read 21 (memIndex=20):
   52  53  54
   84  85  86
  116 117 118

Read 22 (memIndex=21):
   53  54  55
   85  86  87
  117 118 119

Read 23 (memIndex=22):
   54  55  56
   86  87  88
  118 119 120

Read 24 (memIndex=23):
   55  56  57
   87  88  89
  119 120 121

Read 25 (memIndex=24):
   56  57  58
   88  89  90
  120 121 122

Read 26 (memIndex=25):
   57  58  59
   89  90  91
  121 122 123

Read 27 (memIndex=26):
   58  59  60
   90  91  92
  122 123 124

Read 28 (memIndex=27):
   59  60  61
   91  92  93
  123 124 125

Read 29 (memIndex=28):
   60  61  62
   92  93  94
  124 125 126

Read 30 (memIndex=29):
   61  62  63
   93  94  95
  125 126 127

=== Window 11 | lineIdx=1 | rows 10,11,12 ===

Read 1 (memIndex=0):
   64  65  66
   96  97  98
  128 129 130

Read 2 (memIndex=1):
   65  66  67
   97  98  99
  129 130 131

Read 3 (memIndex=2):
   66  67  68
   98  99 100
  130 131 132

Read 4 (memIndex=3):
   67  68  69
   99 100 101
  131 132 133

Read 5 (memIndex=4):
   68  69  70
  100 101 102
  132 133 134

Read 6 (memIndex=5):
   69  70  71
  101 102 103
  133 134 135

Read 7 (memIndex=6):
   70  71  72
  102 103 104
  134 135 136

Read 8 (memIndex=7):
   71  72  73
  103 104 105
  135 136 137

Read 9 (memIndex=8):
   72  73  74
  104 105 106
  136 137 138

Read 10 (memIndex=9):
   73  74  75
  105 106 107
  137 138 139

Read 11 (memIndex=10):
   74  75  76
  106 107 108
  138 139 140

Read 12 (memIndex=11):
   75  76  77
  107 108 109
  139 140 141

Read 13 (memIndex=12):
   76  77  78
  108 109 110
  140 141 142

Read 14 (memIndex=13):
   77  78  79
  109 110 111
  141 142 143

Read 15 (memIndex=14):
   78  79  80
  110 111 112
  142 143 144

Read 16 (memIndex=15):
   79  80  81
  111 112 113
  143 144 145

Read 17 (memIndex=16):
   80  81  82
  112 113 114
  144 145 146

Read 18 (memIndex=17):
   81  82  83
  113 114 115
  145 146 147

Read 19 (memIndex=18):
   82  83  84
  114 115 116
  146 147 148

Read 20 (memIndex=19):
   83  84  85
  115 116 117
  147 148 149

Read 21 (memIndex=20):
   84  85  86
  116 117 118
  148 149 150

Read 22 (memIndex=21):
   85  86  87
  117 118 119
  149 150 151

Read 23 (memIndex=22):
   86  87  88
  118 119 120
  150 151 152

Read 24 (memIndex=23):
   87  88  89
  119 120 121
  151 152 153

Read 25 (memIndex=24):
   88  89  90
  120 121 122
  152 153 154

Read 26 (memIndex=25):
   89  90  91
  121 122 123
  153 154 155

Read 27 (memIndex=26):
   90  91  92
  122 123 124
  154 155 156

Read 28 (memIndex=27):
   91  92  93
  123 124 125
  155 156 157

Read 29 (memIndex=28):
   92  93  94
  124 125 126
  156 157 158

Read 30 (memIndex=29):
   93  94  95
  125 126 127
  157 158 159

=== Window 12 | lineIdx=2 | rows 11,12,13 ===

Read 1 (memIndex=0):
   96  97  98
  128 129 130
  160 161 162

Read 2 (memIndex=1):
   97  98  99
  129 130 131
  161 162 163

Read 3 (memIndex=2):
   98  99 100
  130 131 132
  162 163 164

Read 4 (memIndex=3):
   99 100 101
  131 132 133
  163 164 165

Read 5 (memIndex=4):
  100 101 102
  132 133 134
  164 165 166

Read 6 (memIndex=5):
  101 102 103
  133 134 135
  165 166 167

Read 7 (memIndex=6):
  102 103 104
  134 135 136
  166 167 168

Read 8 (memIndex=7):
  103 104 105
  135 136 137
  167 168 169

Read 9 (memIndex=8):
  104 105 106
  136 137 138
  168 169 170

Read 10 (memIndex=9):
  105 106 107
  137 138 139
  169 170 171

Read 11 (memIndex=10):
  106 107 108
  138 139 140
  170 171 172

Read 12 (memIndex=11):
  107 108 109
  139 140 141
  171 172 173

Read 13 (memIndex=12):
  108 109 110
  140 141 142
  172 173 174

Read 14 (memIndex=13):
  109 110 111
  141 142 143
  173 174 175

Read 15 (memIndex=14):
  110 111 112
  142 143 144
  174 175 176

Read 16 (memIndex=15):
  111 112 113
  143 144 145
  175 176 177

Read 17 (memIndex=16):
  112 113 114
  144 145 146
  176 177 178

Read 18 (memIndex=17):
  113 114 115
  145 146 147
  177 178 179

Read 19 (memIndex=18):
  114 115 116
  146 147 148
  178 179 180

Read 20 (memIndex=19):
  115 116 117
  147 148 149
  179 180 181

Read 21 (memIndex=20):
  116 117 118
  148 149 150
  180 181 182

Read 22 (memIndex=21):
  117 118 119
  149 150 151
  181 182 183

Read 23 (memIndex=22):
  118 119 120
  150 151 152
  182 183 184

Read 24 (memIndex=23):
  119 120 121
  151 152 153
  183 184 185

Read 25 (memIndex=24):
  120 121 122
  152 153 154
  184 185 186

Read 26 (memIndex=25):
  121 122 123
  153 154 155
  185 186 187

Read 27 (memIndex=26):
  122 123 124
  154 155 156
  186 187 188

Read 28 (memIndex=27):
  123 124 125
  155 156 157
  187 188 189

Read 29 (memIndex=28):
  124 125 126
  156 157 158
  188 189 190

Read 30 (memIndex=29):
  125 126 127
  157 158 159
  189 190 191

=== Window 13 | lineIdx=3 | rows 12,13,14 ===

Read 1 (memIndex=0):
  128 129 130
  160 161 162
  192 193 194

Read 2 (memIndex=1):
  129 130 131
  161 162 163
  193 194 195

Read 3 (memIndex=2):
  130 131 132
  162 163 164
  194 195 196

Read 4 (memIndex=3):
  131 132 133
  163 164 165
  195 196 197

Read 5 (memIndex=4):
  132 133 134
  164 165 166
  196 197 198

Read 6 (memIndex=5):
  133 134 135
  165 166 167
  197 198 199

Read 7 (memIndex=6):
  134 135 136
  166 167 168
  198 199 200

Read 8 (memIndex=7):
  135 136 137
  167 168 169
  199 200 201

Read 9 (memIndex=8):
  136 137 138
  168 169 170
  200 201 202

Read 10 (memIndex=9):
  137 138 139
  169 170 171
  201 202 203

Read 11 (memIndex=10):
  138 139 140
  170 171 172
  202 203 204

Read 12 (memIndex=11):
  139 140 141
  171 172 173
  203 204 205

Read 13 (memIndex=12):
  140 141 142
  172 173 174
  204 205 206

Read 14 (memIndex=13):
  141 142 143
  173 174 175
  205 206 207

Read 15 (memIndex=14):
  142 143 144
  174 175 176
  206 207 208

Read 16 (memIndex=15):
  143 144 145
  175 176 177
  207 208 209

Read 17 (memIndex=16):
  144 145 146
  176 177 178
  208 209 210

Read 18 (memIndex=17):
  145 146 147
  177 178 179
  209 210 211

Read 19 (memIndex=18):
  146 147 148
  178 179 180
  210 211 212

Read 20 (memIndex=19):
  147 148 149
  179 180 181
  211 212 213

Read 21 (memIndex=20):
  148 149 150
  180 181 182
  212 213 214

Read 22 (memIndex=21):
  149 150 151
  181 182 183
  213 214 215

Read 23 (memIndex=22):
  150 151 152
  182 183 184
  214 215 216

Read 24 (memIndex=23):
  151 152 153
  183 184 185
  215 216 217

Read 25 (memIndex=24):
  152 153 154
  184 185 186
  216 217 218

Read 26 (memIndex=25):
  153 154 155
  185 186 187
  217 218 219

Read 27 (memIndex=26):
  154 155 156
  186 187 188
  218 219 220

Read 28 (memIndex=27):
  155 156 157
  187 188 189
  219 220 221

Read 29 (memIndex=28):
  156 157 158
  188 189 190
  220 221 222

Read 30 (memIndex=29):
  157 158 159
  189 190 191
  221 222 223

=== Window 14 | lineIdx=0 | rows 13,14,15 ===

Read 1 (memIndex=0):
  160 161 162
  192 193 194
  224 225 226

Read 2 (memIndex=1):
  161 162 163
  193 194 195
  225 226 227

Read 3 (memIndex=2):
  162 163 164
  194 195 196
  226 227 228

Read 4 (memIndex=3):
  163 164 165
  195 196 197
  227 228 229

Read 5 (memIndex=4):
  164 165 166
  196 197 198
  228 229 230

Read 6 (memIndex=5):
  165 166 167
  197 198 199
  229 230 231

Read 7 (memIndex=6):
  166 167 168
  198 199 200
  230 231 232

Read 8 (memIndex=7):
  167 168 169
  199 200 201
  231 232 233

Read 9 (memIndex=8):
  168 169 170
  200 201 202
  232 233 234

Read 10 (memIndex=9):
  169 170 171
  201 202 203
  233 234 235

Read 11 (memIndex=10):
  170 171 172
  202 203 204
  234 235 236

Read 12 (memIndex=11):
  171 172 173
  203 204 205
  235 236 237

Read 13 (memIndex=12):
  172 173 174
  204 205 206
  236 237 238

Read 14 (memIndex=13):
  173 174 175
  205 206 207
  237 238 239

Read 15 (memIndex=14):
  174 175 176
  206 207 208
  238 239 240

Read 16 (memIndex=15):
  175 176 177
  207 208 209
  239 240 241

Read 17 (memIndex=16):
  176 177 178
  208 209 210
  240 241 242

Read 18 (memIndex=17):
  177 178 179
  209 210 211
  241 242 243

Read 19 (memIndex=18):
  178 179 180
  210 211 212
  242 243 244

Read 20 (memIndex=19):
  179 180 181
  211 212 213
  243 244 245

Read 21 (memIndex=20):
  180 181 182
  212 213 214
  244 245 246

Read 22 (memIndex=21):
  181 182 183
  213 214 215
  245 246 247

Read 23 (memIndex=22):
  182 183 184
  214 215 216
  246 247 248

Read 24 (memIndex=23):
  183 184 185
  215 216 217
  247 248 249

Read 25 (memIndex=24):
  184 185 186
  216 217 218
  248 249 250

Read 26 (memIndex=25):
  185 186 187
  217 218 219
  249 250 251

Read 27 (memIndex=26):
  186 187 188
  218 219 220
  250 251 252

Read 28 (memIndex=27):
  187 188 189
  219 220 221
  251 252 253

Read 29 (memIndex=28):
  188 189 190
  220 221 222
  252 253 254

Read 30 (memIndex=29):
  189 190 191
  221 222 223
  253 254 255

=== Window 15 | lineIdx=1 | rows 14,15,16 ===

Read 1 (memIndex=0):
  192 193 194
  224 225 226
    0   1   2

Read 2 (memIndex=1):
  193 194 195
  225 226 227
    1   2   3

Read 3 (memIndex=2):
  194 195 196
  226 227 228
    2   3   4

Read 4 (memIndex=3):
  195 196 197
  227 228 229
    3   4   5

Read 5 (memIndex=4):
  196 197 198
  228 229 230
    4   5   6

Read 6 (memIndex=5):
  197 198 199
  229 230 231
    5   6   7

Read 7 (memIndex=6):
  198 199 200
  230 231 232
    6   7   8

Read 8 (memIndex=7):
  199 200 201
  231 232 233
    7   8   9

Read 9 (memIndex=8):
  200 201 202
  232 233 234
    8   9  10

Read 10 (memIndex=9):
  201 202 203
  233 234 235
    9  10  11

Read 11 (memIndex=10):
  202 203 204
  234 235 236
   10  11  12

Read 12 (memIndex=11):
  203 204 205
  235 236 237
   11  12  13

Read 13 (memIndex=12):
  204 205 206
  236 237 238
   12  13  14

Read 14 (memIndex=13):
  205 206 207
  237 238 239
   13  14  15

Read 15 (memIndex=14):
  206 207 208
  238 239 240
   14  15  16

Read 16 (memIndex=15):
  207 208 209
  239 240 241
   15  16  17

Read 17 (memIndex=16):
  208 209 210
  240 241 242
   16  17  18

Read 18 (memIndex=17):
  209 210 211
  241 242 243
   17  18  19

Read 19 (memIndex=18):
  210 211 212
  242 243 244
   18  19  20

Read 20 (memIndex=19):
  211 212 213
  243 244 245
   19  20  21

Read 21 (memIndex=20):
  212 213 214
  244 245 246
   20  21  22

Read 22 (memIndex=21):
  213 214 215
  245 246 247
   21  22  23

Read 23 (memIndex=22):
  214 215 216
  246 247 248
   22  23  24

Read 24 (memIndex=23):
  215 216 217
  247 248 249
   23  24  25

Read 25 (memIndex=24):
  216 217 218
  248 249 250
   24  25  26

Read 26 (memIndex=25):
  217 218 219
  249 250 251
   25  26  27

Read 27 (memIndex=26):
  218 219 220
  250 251 252
   26  27  28

Read 28 (memIndex=27):
  219 220 221
  251 252 253
   27  28  29

Read 29 (memIndex=28):
  220 221 222
  252 253 254
   28  29  30

Read 30 (memIndex=29):
  221 222 223
  253 254 255
   29  30  31

=== Window 16 | lineIdx=2 | rows 15,16,17 ===

Read 1 (memIndex=0):
  224 225 226
    0   1   2
   32  33  34

Read 2 (memIndex=1):
  225 226 227
    1   2   3
   33  34  35

Read 3 (memIndex=2):
  226 227 228
    2   3   4
   34  35  36

Read 4 (memIndex=3):
  227 228 229
    3   4   5
   35  36  37

Read 5 (memIndex=4):
  228 229 230
    4   5   6
   36  37  38

Read 6 (memIndex=5):
  229 230 231
    5   6   7
   37  38  39

Read 7 (memIndex=6):
  230 231 232
    6   7   8
   38  39  40

Read 8 (memIndex=7):
  231 232 233
    7   8   9
   39  40  41

Read 9 (memIndex=8):
  232 233 234
    8   9  10
   40  41  42

Read 10 (memIndex=9):
  233 234 235
    9  10  11
   41  42  43

Read 11 (memIndex=10):
  234 235 236
   10  11  12
   42  43  44

Read 12 (memIndex=11):
  235 236 237
   11  12  13
   43  44  45

Read 13 (memIndex=12):
  236 237 238
   12  13  14
   44  45  46

Read 14 (memIndex=13):
  237 238 239
   13  14  15
   45  46  47

Read 15 (memIndex=14):
  238 239 240
   14  15  16
   46  47  48

Read 16 (memIndex=15):
  239 240 241
   15  16  17
   47  48  49

Read 17 (memIndex=16):
  240 241 242
   16  17  18
   48  49  50

Read 18 (memIndex=17):
  241 242 243
   17  18  19
   49  50  51

Read 19 (memIndex=18):
  242 243 244
   18  19  20
   50  51  52

Read 20 (memIndex=19):
  243 244 245
   19  20  21
   51  52  53

Read 21 (memIndex=20):
  244 245 246
   20  21  22
   52  53  54

Read 22 (memIndex=21):
  245 246 247
   21  22  23
   53  54  55

Read 23 (memIndex=22):
  246 247 248
   22  23  24
   54  55  56

Read 24 (memIndex=23):
  247 248 249
   23  24  25
   55  56  57

Read 25 (memIndex=24):
  248 249 250
   24  25  26
   56  57  58

Read 26 (memIndex=25):
  249 250 251
   25  26  27
   57  58  59

Read 27 (memIndex=26):
  250 251 252
   26  27  28
   58  59  60

Read 28 (memIndex=27):
  251 252 253
   27  28  29
   59  60  61

Read 29 (memIndex=28):
  252 253 254
   28  29  30
   60  61  62

Read 30 (memIndex=29):
  253 254 255
   29  30  31
   61  62  63

=== Window 17 | lineIdx=3 | rows 16,17,18 ===

Read 1 (memIndex=0):
    0   1   2
   32  33  34
   64  65  66

Read 2 (memIndex=1):
    1   2   3
   33  34  35
   65  66  67

Read 3 (memIndex=2):
    2   3   4
   34  35  36
   66  67  68

Read 4 (memIndex=3):
    3   4   5
   35  36  37
   67  68  69

Read 5 (memIndex=4):
    4   5   6
   36  37  38
   68  69  70

Read 6 (memIndex=5):
    5   6   7
   37  38  39
   69  70  71

Read 7 (memIndex=6):
    6   7   8
   38  39  40
   70  71  72

Read 8 (memIndex=7):
    7   8   9
   39  40  41
   71  72  73

Read 9 (memIndex=8):
    8   9  10
   40  41  42
   72  73  74

Read 10 (memIndex=9):
    9  10  11
   41  42  43
   73  74  75

Read 11 (memIndex=10):
   10  11  12
   42  43  44
   74  75  76

Read 12 (memIndex=11):
   11  12  13
   43  44  45
   75  76  77

Read 13 (memIndex=12):
   12  13  14
   44  45  46
   76  77  78

Read 14 (memIndex=13):
   13  14  15
   45  46  47
   77  78  79

Read 15 (memIndex=14):
   14  15  16
   46  47  48
   78  79  80

Read 16 (memIndex=15):
   15  16  17
   47  48  49
   79  80  81

Read 17 (memIndex=16):
   16  17  18
   48  49  50
   80  81  82

Read 18 (memIndex=17):
   17  18  19
   49  50  51
   81  82  83

Read 19 (memIndex=18):
   18  19  20
   50  51  52
   82  83  84

Read 20 (memIndex=19):
   19  20  21
   51  52  53
   83  84  85

Read 21 (memIndex=20):
   20  21  22
   52  53  54
   84  85  86

Read 22 (memIndex=21):
   21  22  23
   53  54  55
   85  86  87

Read 23 (memIndex=22):
   22  23  24
   54  55  56
   86  87  88

Read 24 (memIndex=23):
   23  24  25
   55  56  57
   87  88  89

Read 25 (memIndex=24):
   24  25  26
   56  57  58
   88  89  90

Read 26 (memIndex=25):
   25  26  27
   57  58  59
   89  90  91

Read 27 (memIndex=26):
   26  27  28
   58  59  60
   90  91  92

Read 28 (memIndex=27):
   27  28  29
   59  60  61
   91  92  93

Read 29 (memIndex=28):
   28  29  30
   60  61  62
   92  93  94

Read 30 (memIndex=29):
   29  30  31
   61  62  63
   93  94  95

=== Window 18 | lineIdx=0 | rows 17,18,19 ===

Read 1 (memIndex=0):
   32  33  34
   64  65  66
   96  97  98

Read 2 (memIndex=1):
   33  34  35
   65  66  67
   97  98  99

Read 3 (memIndex=2):
   34  35  36
   66  67  68
   98  99 100

Read 4 (memIndex=3):
   35  36  37
   67  68  69
   99 100 101

Read 5 (memIndex=4):
   36  37  38
   68  69  70
  100 101 102

Read 6 (memIndex=5):
   37  38  39
   69  70  71
  101 102 103

Read 7 (memIndex=6):
   38  39  40
   70  71  72
  102 103 104

Read 8 (memIndex=7):
   39  40  41
   71  72  73
  103 104 105

Read 9 (memIndex=8):
   40  41  42
   72  73  74
  104 105 106

Read 10 (memIndex=9):
   41  42  43
   73  74  75
  105 106 107

Read 11 (memIndex=10):
   42  43  44
   74  75  76
  106 107 108

Read 12 (memIndex=11):
   43  44  45
   75  76  77
  107 108 109

Read 13 (memIndex=12):
   44  45  46
   76  77  78
  108 109 110

Read 14 (memIndex=13):
   45  46  47
   77  78  79
  109 110 111

Read 15 (memIndex=14):
   46  47  48
   78  79  80
  110 111 112

Read 16 (memIndex=15):
   47  48  49
   79  80  81
  111 112 113

Read 17 (memIndex=16):
   48  49  50
   80  81  82
  112 113 114

Read 18 (memIndex=17):
   49  50  51
   81  82  83
  113 114 115

Read 19 (memIndex=18):
   50  51  52
   82  83  84
  114 115 116

Read 20 (memIndex=19):
   51  52  53
   83  84  85
  115 116 117

Read 21 (memIndex=20):
   52  53  54
   84  85  86
  116 117 118

Read 22 (memIndex=21):
   53  54  55
   85  86  87
  117 118 119

Read 23 (memIndex=22):
   54  55  56
   86  87  88
  118 119 120

Read 24 (memIndex=23):
   55  56  57
   87  88  89
  119 120 121

Read 25 (memIndex=24):
   56  57  58
   88  89  90
  120 121 122

Read 26 (memIndex=25):
   57  58  59
   89  90  91
  121 122 123

Read 27 (memIndex=26):
   58  59  60
   90  91  92
  122 123 124

Read 28 (memIndex=27):
   59  60  61
   91  92  93
  123 124 125

Read 29 (memIndex=28):
   60  61  62
   92  93  94
  124 125 126

Read 30 (memIndex=29):
   61  62  63
   93  94  95
  125 126 127

=== Window 19 | lineIdx=1 | rows 18,19,20 ===

Read 1 (memIndex=0):
   64  65  66
   96  97  98
  128 129 130

Read 2 (memIndex=1):
   65  66  67
   97  98  99
  129 130 131

Read 3 (memIndex=2):
   66  67  68
   98  99 100
  130 131 132

Read 4 (memIndex=3):
   67  68  69
   99 100 101
  131 132 133

Read 5 (memIndex=4):
   68  69  70
  100 101 102
  132 133 134

Read 6 (memIndex=5):
   69  70  71
  101 102 103
  133 134 135

Read 7 (memIndex=6):
   70  71  72
  102 103 104
  134 135 136

Read 8 (memIndex=7):
   71  72  73
  103 104 105
  135 136 137

Read 9 (memIndex=8):
   72  73  74
  104 105 106
  136 137 138

Read 10 (memIndex=9):
   73  74  75
  105 106 107
  137 138 139

Read 11 (memIndex=10):
   74  75  76
  106 107 108
  138 139 140

Read 12 (memIndex=11):
   75  76  77
  107 108 109
  139 140 141

Read 13 (memIndex=12):
   76  77  78
  108 109 110
  140 141 142

Read 14 (memIndex=13):
   77  78  79
  109 110 111
  141 142 143

Read 15 (memIndex=14):
   78  79  80
  110 111 112
  142 143 144

Read 16 (memIndex=15):
   79  80  81
  111 112 113
  143 144 145

Read 17 (memIndex=16):
   80  81  82
  112 113 114
  144 145 146

Read 18 (memIndex=17):
   81  82  83
  113 114 115
  145 146 147

Read 19 (memIndex=18):
   82  83  84
  114 115 116
  146 147 148

Read 20 (memIndex=19):
   83  84  85
  115 116 117
  147 148 149

Read 21 (memIndex=20):
   84  85  86
  116 117 118
  148 149 150

Read 22 (memIndex=21):
   85  86  87
  117 118 119
  149 150 151

Read 23 (memIndex=22):
   86  87  88
  118 119 120
  150 151 152

Read 24 (memIndex=23):
   87  88  89
  119 120 121
  151 152 153

Read 25 (memIndex=24):
   88  89  90
  120 121 122
  152 153 154

Read 26 (memIndex=25):
   89  90  91
  121 122 123
  153 154 155

Read 27 (memIndex=26):
   90  91  92
  122 123 124
  154 155 156

Read 28 (memIndex=27):
   91  92  93
  123 124 125
  155 156 157

Read 29 (memIndex=28):
   92  93  94
  124 125 126
  156 157 158

Read 30 (memIndex=29):
   93  94  95
  125 126 127
  157 158 159

=== Window 20 | lineIdx=2 | rows 19,20,21 ===

Read 1 (memIndex=0):
   96  97  98
  128 129 130
  160 161 162

Read 2 (memIndex=1):
   97  98  99
  129 130 131
  161 162 163

Read 3 (memIndex=2):
   98  99 100
  130 131 132
  162 163 164

Read 4 (memIndex=3):
   99 100 101
  131 132 133
  163 164 165

Read 5 (memIndex=4):
  100 101 102
  132 133 134
  164 165 166

Read 6 (memIndex=5):
  101 102 103
  133 134 135
  165 166 167

Read 7 (memIndex=6):
  102 103 104
  134 135 136
  166 167 168

Read 8 (memIndex=7):
  103 104 105
  135 136 137
  167 168 169

Read 9 (memIndex=8):
  104 105 106
  136 137 138
  168 169 170

Read 10 (memIndex=9):
  105 106 107
  137 138 139
  169 170 171

Read 11 (memIndex=10):
  106 107 108
  138 139 140
  170 171 172

Read 12 (memIndex=11):
  107 108 109
  139 140 141
  171 172 173

Read 13 (memIndex=12):
  108 109 110
  140 141 142
  172 173 174

Read 14 (memIndex=13):
  109 110 111
  141 142 143
  173 174 175

Read 15 (memIndex=14):
  110 111 112
  142 143 144
  174 175 176

Read 16 (memIndex=15):
  111 112 113
  143 144 145
  175 176 177

Read 17 (memIndex=16):
  112 113 114
  144 145 146
  176 177 178

Read 18 (memIndex=17):
  113 114 115
  145 146 147
  177 178 179

Read 19 (memIndex=18):
  114 115 116
  146 147 148
  178 179 180

Read 20 (memIndex=19):
  115 116 117
  147 148 149
  179 180 181

Read 21 (memIndex=20):
  116 117 118
  148 149 150
  180 181 182

Read 22 (memIndex=21):
  117 118 119
  149 150 151
  181 182 183

Read 23 (memIndex=22):
  118 119 120
  150 151 152
  182 183 184

Read 24 (memIndex=23):
  119 120 121
  151 152 153
  183 184 185

Read 25 (memIndex=24):
  120 121 122
  152 153 154
  184 185 186

Read 26 (memIndex=25):
  121 122 123
  153 154 155
  185 186 187

Read 27 (memIndex=26):
  122 123 124
  154 155 156
  186 187 188

Read 28 (memIndex=27):
  123 124 125
  155 156 157
  187 188 189

Read 29 (memIndex=28):
  124 125 126
  156 157 158
  188 189 190

Read 30 (memIndex=29):
  125 126 127
  157 158 159
  189 190 191

=== Window 21 | lineIdx=3 | rows 20,21,22 ===

Read 1 (memIndex=0):
  128 129 130
  160 161 162
  192 193 194

Read 2 (memIndex=1):
  129 130 131
  161 162 163
  193 194 195

Read 3 (memIndex=2):
  130 131 132
  162 163 164
  194 195 196

Read 4 (memIndex=3):
  131 132 133
  163 164 165
  195 196 197

Read 5 (memIndex=4):
  132 133 134
  164 165 166
  196 197 198

Read 6 (memIndex=5):
  133 134 135
  165 166 167
  197 198 199

Read 7 (memIndex=6):
  134 135 136
  166 167 168
  198 199 200

Read 8 (memIndex=7):
  135 136 137
  167 168 169
  199 200 201

Read 9 (memIndex=8):
  136 137 138
  168 169 170
  200 201 202

Read 10 (memIndex=9):
  137 138 139
  169 170 171
  201 202 203

Read 11 (memIndex=10):
  138 139 140
  170 171 172
  202 203 204

Read 12 (memIndex=11):
  139 140 141
  171 172 173
  203 204 205

Read 13 (memIndex=12):
  140 141 142
  172 173 174
  204 205 206

Read 14 (memIndex=13):
  141 142 143
  173 174 175
  205 206 207

Read 15 (memIndex=14):
  142 143 144
  174 175 176
  206 207 208

Read 16 (memIndex=15):
  143 144 145
  175 176 177
  207 208 209

Read 17 (memIndex=16):
  144 145 146
  176 177 178
  208 209 210

Read 18 (memIndex=17):
  145 146 147
  177 178 179
  209 210 211

Read 19 (memIndex=18):
  146 147 148
  178 179 180
  210 211 212

Read 20 (memIndex=19):
  147 148 149
  179 180 181
  211 212 213

Read 21 (memIndex=20):
  148 149 150
  180 181 182
  212 213 214

Read 22 (memIndex=21):
  149 150 151
  181 182 183
  213 214 215

Read 23 (memIndex=22):
  150 151 152
  182 183 184
  214 215 216

Read 24 (memIndex=23):
  151 152 153
  183 184 185
  215 216 217

Read 25 (memIndex=24):
  152 153 154
  184 185 186
  216 217 218

Read 26 (memIndex=25):
  153 154 155
  185 186 187
  217 218 219

Read 27 (memIndex=26):
  154 155 156
  186 187 188
  218 219 220

Read 28 (memIndex=27):
  155 156 157
  187 188 189
  219 220 221

Read 29 (memIndex=28):
  156 157 158
  188 189 190
  220 221 222

Read 30 (memIndex=29):
  157 158 159
  189 190 191
  221 222 223

=== Window 22 | lineIdx=0 | rows 21,22,23 ===

Read 1 (memIndex=0):
  160 161 162
  192 193 194
  224 225 226

Read 2 (memIndex=1):
  161 162 163
  193 194 195
  225 226 227

Read 3 (memIndex=2):
  162 163 164
  194 195 196
  226 227 228

Read 4 (memIndex=3):
  163 164 165
  195 196 197
  227 228 229

Read 5 (memIndex=4):
  164 165 166
  196 197 198
  228 229 230

Read 6 (memIndex=5):
  165 166 167
  197 198 199
  229 230 231

Read 7 (memIndex=6):
  166 167 168
  198 199 200
  230 231 232

Read 8 (memIndex=7):
  167 168 169
  199 200 201
  231 232 233

Read 9 (memIndex=8):
  168 169 170
  200 201 202
  232 233 234

Read 10 (memIndex=9):
  169 170 171
  201 202 203
  233 234 235

Read 11 (memIndex=10):
  170 171 172
  202 203 204
  234 235 236

Read 12 (memIndex=11):
  171 172 173
  203 204 205
  235 236 237

Read 13 (memIndex=12):
  172 173 174
  204 205 206
  236 237 238

Read 14 (memIndex=13):
  173 174 175
  205 206 207
  237 238 239

Read 15 (memIndex=14):
  174 175 176
  206 207 208
  238 239 240

Read 16 (memIndex=15):
  175 176 177
  207 208 209
  239 240 241

Read 17 (memIndex=16):
  176 177 178
  208 209 210
  240 241 242

Read 18 (memIndex=17):
  177 178 179
  209 210 211
  241 242 243

Read 19 (memIndex=18):
  178 179 180
  210 211 212
  242 243 244

Read 20 (memIndex=19):
  179 180 181
  211 212 213
  243 244 245

Read 21 (memIndex=20):
  180 181 182
  212 213 214
  244 245 246

Read 22 (memIndex=21):
  181 182 183
  213 214 215
  245 246 247

Read 23 (memIndex=22):
  182 183 184
  214 215 216
  246 247 248

Read 24 (memIndex=23):
  183 184 185
  215 216 217
  247 248 249

Read 25 (memIndex=24):
  184 185 186
  216 217 218
  248 249 250

Read 26 (memIndex=25):
  185 186 187
  217 218 219
  249 250 251

Read 27 (memIndex=26):
  186 187 188
  218 219 220
  250 251 252

Read 28 (memIndex=27):
  187 188 189
  219 220 221
  251 252 253

Read 29 (memIndex=28):
  188 189 190
  220 221 222
  252 253 254

Read 30 (memIndex=29):
  189 190 191
  221 222 223
  253 254 255

=== Window 23 | lineIdx=1 | rows 22,23,24 ===

Read 1 (memIndex=0):
  192 193 194
  224 225 226
    0   1   2

Read 2 (memIndex=1):
  193 194 195
  225 226 227
    1   2   3

Read 3 (memIndex=2):
  194 195 196
  226 227 228
    2   3   4

Read 4 (memIndex=3):
  195 196 197
  227 228 229
    3   4   5

Read 5 (memIndex=4):
  196 197 198
  228 229 230
    4   5   6

Read 6 (memIndex=5):
  197 198 199
  229 230 231
    5   6   7

Read 7 (memIndex=6):
  198 199 200
  230 231 232
    6   7   8

Read 8 (memIndex=7):
  199 200 201
  231 232 233
    7   8   9

Read 9 (memIndex=8):
  200 201 202
  232 233 234
    8   9  10

Read 10 (memIndex=9):
  201 202 203
  233 234 235
    9  10  11

Read 11 (memIndex=10):
  202 203 204
  234 235 236
   10  11  12

Read 12 (memIndex=11):
  203 204 205
  235 236 237
   11  12  13

Read 13 (memIndex=12):
  204 205 206
  236 237 238
   12  13  14

Read 14 (memIndex=13):
  205 206 207
  237 238 239
   13  14  15

Read 15 (memIndex=14):
  206 207 208
  238 239 240
   14  15  16

Read 16 (memIndex=15):
  207 208 209
  239 240 241
   15  16  17

Read 17 (memIndex=16):
  208 209 210
  240 241 242
   16  17  18

Read 18 (memIndex=17):
  209 210 211
  241 242 243
   17  18  19

Read 19 (memIndex=18):
  210 211 212
  242 243 244
   18  19  20

Read 20 (memIndex=19):
  211 212 213
  243 244 245
   19  20  21

Read 21 (memIndex=20):
  212 213 214
  244 245 246
   20  21  22

Read 22 (memIndex=21):
  213 214 215
  245 246 247
   21  22  23

Read 23 (memIndex=22):
  214 215 216
  246 247 248
   22  23  24

Read 24 (memIndex=23):
  215 216 217
  247 248 249
   23  24  25

Read 25 (memIndex=24):
  216 217 218
  248 249 250
   24  25  26

Read 26 (memIndex=25):
  217 218 219
  249 250 251
   25  26  27

Read 27 (memIndex=26):
  218 219 220
  250 251 252
   26  27  28

Read 28 (memIndex=27):
  219 220 221
  251 252 253
   27  28  29

Read 29 (memIndex=28):
  220 221 222
  252 253 254
   28  29  30

Read 30 (memIndex=29):
  221 222 223
  253 254 255
   29  30  31

=== Window 24 | lineIdx=2 | rows 23,24,25 ===

Read 1 (memIndex=0):
  224 225 226
    0   1   2
   32  33  34

Read 2 (memIndex=1):
  225 226 227
    1   2   3
   33  34  35

Read 3 (memIndex=2):
  226 227 228
    2   3   4
   34  35  36

Read 4 (memIndex=3):
  227 228 229
    3   4   5
   35  36  37

Read 5 (memIndex=4):
  228 229 230
    4   5   6
   36  37  38

Read 6 (memIndex=5):
  229 230 231
    5   6   7
   37  38  39

Read 7 (memIndex=6):
  230 231 232
    6   7   8
   38  39  40

Read 8 (memIndex=7):
  231 232 233
    7   8   9
   39  40  41

Read 9 (memIndex=8):
  232 233 234
    8   9  10
   40  41  42

Read 10 (memIndex=9):
  233 234 235
    9  10  11
   41  42  43

Read 11 (memIndex=10):
  234 235 236
   10  11  12
   42  43  44

Read 12 (memIndex=11):
  235 236 237
   11  12  13
   43  44  45

Read 13 (memIndex=12):
  236 237 238
   12  13  14
   44  45  46

Read 14 (memIndex=13):
  237 238 239
   13  14  15
   45  46  47

Read 15 (memIndex=14):
  238 239 240
   14  15  16
   46  47  48

Read 16 (memIndex=15):
  239 240 241
   15  16  17
   47  48  49

Read 17 (memIndex=16):
  240 241 242
   16  17  18
   48  49  50

Read 18 (memIndex=17):
  241 242 243
   17  18  19
   49  50  51

Read 19 (memIndex=18):
  242 243 244
   18  19  20
   50  51  52

Read 20 (memIndex=19):
  243 244 245
   19  20  21
   51  52  53

Read 21 (memIndex=20):
  244 245 246
   20  21  22
   52  53  54

Read 22 (memIndex=21):
  245 246 247
   21  22  23
   53  54  55

Read 23 (memIndex=22):
  246 247 248
   22  23  24
   54  55  56

Read 24 (memIndex=23):
  247 248 249
   23  24  25
   55  56  57

Read 25 (memIndex=24):
  248 249 250
   24  25  26
   56  57  58

Read 26 (memIndex=25):
  249 250 251
   25  26  27
   57  58  59

Read 27 (memIndex=26):
  250 251 252
   26  27  28
   58  59  60

Read 28 (memIndex=27):
  251 252 253
   27  28  29
   59  60  61

Read 29 (memIndex=28):
  252 253 254
   28  29  30
   60  61  62

Read 30 (memIndex=29):
  253 254 255
   29  30  31
   61  62  63

=== Window 25 | lineIdx=3 | rows 24,25,26 ===

Read 1 (memIndex=0):
    0   1   2
   32  33  34
   64  65  66

Read 2 (memIndex=1):
    1   2   3
   33  34  35
   65  66  67

Read 3 (memIndex=2):
    2   3   4
   34  35  36
   66  67  68

Read 4 (memIndex=3):
    3   4   5
   35  36  37
   67  68  69

Read 5 (memIndex=4):
    4   5   6
   36  37  38
   68  69  70

Read 6 (memIndex=5):
    5   6   7
   37  38  39
   69  70  71

Read 7 (memIndex=6):
    6   7   8
   38  39  40
   70  71  72

Read 8 (memIndex=7):
    7   8   9
   39  40  41
   71  72  73

Read 9 (memIndex=8):
    8   9  10
   40  41  42
   72  73  74

Read 10 (memIndex=9):
    9  10  11
   41  42  43
   73  74  75

Read 11 (memIndex=10):
   10  11  12
   42  43  44
   74  75  76

Read 12 (memIndex=11):
   11  12  13
   43  44  45
   75  76  77

Read 13 (memIndex=12):
   12  13  14
   44  45  46
   76  77  78

Read 14 (memIndex=13):
   13  14  15
   45  46  47
   77  78  79

Read 15 (memIndex=14):
   14  15  16
   46  47  48
   78  79  80

Read 16 (memIndex=15):
   15  16  17
   47  48  49
   79  80  81

Read 17 (memIndex=16):
   16  17  18
   48  49  50
   80  81  82

Read 18 (memIndex=17):
   17  18  19
   49  50  51
   81  82  83

Read 19 (memIndex=18):
   18  19  20
   50  51  52
   82  83  84

Read 20 (memIndex=19):
   19  20  21
   51  52  53
   83  84  85

Read 21 (memIndex=20):
   20  21  22
   52  53  54
   84  85  86

Read 22 (memIndex=21):
   21  22  23
   53  54  55
   85  86  87

Read 23 (memIndex=22):
   22  23  24
   54  55  56
   86  87  88

Read 24 (memIndex=23):
   23  24  25
   55  56  57
   87  88  89

Read 25 (memIndex=24):
   24  25  26
   56  57  58
   88  89  90

Read 26 (memIndex=25):
   25  26  27
   57  58  59
   89  90  91

Read 27 (memIndex=26):
   26  27  28
   58  59  60
   90  91  92

Read 28 (memIndex=27):
   27  28  29
   59  60  61
   91  92  93

Read 29 (memIndex=28):
   28  29  30
   60  61  62
   92  93  94

Read 30 (memIndex=29):
   29  30  31
   61  62  63
   93  94  95

=== Window 26 | lineIdx=0 | rows 25,26,27 ===

Read 1 (memIndex=0):
   32  33  34
   64  65  66
   96  97  98

Read 2 (memIndex=1):
   33  34  35
   65  66  67
   97  98  99

Read 3 (memIndex=2):
   34  35  36
   66  67  68
   98  99 100

Read 4 (memIndex=3):
   35  36  37
   67  68  69
   99 100 101

Read 5 (memIndex=4):
   36  37  38
   68  69  70
  100 101 102

Read 6 (memIndex=5):
   37  38  39
   69  70  71
  101 102 103

Read 7 (memIndex=6):
   38  39  40
   70  71  72
  102 103 104

Read 8 (memIndex=7):
   39  40  41
   71  72  73
  103 104 105

Read 9 (memIndex=8):
   40  41  42
   72  73  74
  104 105 106

Read 10 (memIndex=9):
   41  42  43
   73  74  75
  105 106 107

Read 11 (memIndex=10):
   42  43  44
   74  75  76
  106 107 108

Read 12 (memIndex=11):
   43  44  45
   75  76  77
  107 108 109

Read 13 (memIndex=12):
   44  45  46
   76  77  78
  108 109 110

Read 14 (memIndex=13):
   45  46  47
   77  78  79
  109 110 111

Read 15 (memIndex=14):
   46  47  48
   78  79  80
  110 111 112

Read 16 (memIndex=15):
   47  48  49
   79  80  81
  111 112 113

Read 17 (memIndex=16):
   48  49  50
   80  81  82
  112 113 114

Read 18 (memIndex=17):
   49  50  51
   81  82  83
  113 114 115

Read 19 (memIndex=18):
   50  51  52
   82  83  84
  114 115 116

Read 20 (memIndex=19):
   51  52  53
   83  84  85
  115 116 117

Read 21 (memIndex=20):
   52  53  54
   84  85  86
  116 117 118

Read 22 (memIndex=21):
   53  54  55
   85  86  87
  117 118 119

Read 23 (memIndex=22):
   54  55  56
   86  87  88
  118 119 120

Read 24 (memIndex=23):
   55  56  57
   87  88  89
  119 120 121

Read 25 (memIndex=24):
   56  57  58
   88  89  90
  120 121 122

Read 26 (memIndex=25):
   57  58  59
   89  90  91
  121 122 123

Read 27 (memIndex=26):
   58  59  60
   90  91  92
  122 123 124

Read 28 (memIndex=27):
   59  60  61
   91  92  93
  123 124 125

Read 29 (memIndex=28):
   60  61  62
   92  93  94
  124 125 126

Read 30 (memIndex=29):
   61  62  63
   93  94  95
  125 126 127

=== Window 27 | lineIdx=1 | rows 26,27,28 ===

Read 1 (memIndex=0):
   64  65  66
   96  97  98
  128 129 130

Read 2 (memIndex=1):
   65  66  67
   97  98  99
  129 130 131

Read 3 (memIndex=2):
   66  67  68
   98  99 100
  130 131 132

Read 4 (memIndex=3):
   67  68  69
   99 100 101
  131 132 133

Read 5 (memIndex=4):
   68  69  70
  100 101 102
  132 133 134

Read 6 (memIndex=5):
   69  70  71
  101 102 103
  133 134 135

Read 7 (memIndex=6):
   70  71  72
  102 103 104
  134 135 136

Read 8 (memIndex=7):
   71  72  73
  103 104 105
  135 136 137

Read 9 (memIndex=8):
   72  73  74
  104 105 106
  136 137 138

Read 10 (memIndex=9):
   73  74  75
  105 106 107
  137 138 139

Read 11 (memIndex=10):
   74  75  76
  106 107 108
  138 139 140

Read 12 (memIndex=11):
   75  76  77
  107 108 109
  139 140 141

Read 13 (memIndex=12):
   76  77  78
  108 109 110
  140 141 142

Read 14 (memIndex=13):
   77  78  79
  109 110 111
  141 142 143

Read 15 (memIndex=14):
   78  79  80
  110 111 112
  142 143 144

Read 16 (memIndex=15):
   79  80  81
  111 112 113
  143 144 145

Read 17 (memIndex=16):
   80  81  82
  112 113 114
  144 145 146

Read 18 (memIndex=17):
   81  82  83
  113 114 115
  145 146 147

Read 19 (memIndex=18):
   82  83  84
  114 115 116
  146 147 148

Read 20 (memIndex=19):
   83  84  85
  115 116 117
  147 148 149

Read 21 (memIndex=20):
   84  85  86
  116 117 118
  148 149 150

Read 22 (memIndex=21):
   85  86  87
  117 118 119
  149 150 151

Read 23 (memIndex=22):
   86  87  88
  118 119 120
  150 151 152

Read 24 (memIndex=23):
   87  88  89
  119 120 121
  151 152 153

Read 25 (memIndex=24):
   88  89  90
  120 121 122
  152 153 154

Read 26 (memIndex=25):
   89  90  91
  121 122 123
  153 154 155

Read 27 (memIndex=26):
   90  91  92
  122 123 124
  154 155 156

Read 28 (memIndex=27):
   91  92  93
  123 124 125
  155 156 157

Read 29 (memIndex=28):
   92  93  94
  124 125 126
  156 157 158

Read 30 (memIndex=29):
   93  94  95
  125 126 127
  157 158 159

=== Window 28 | lineIdx=2 | rows 27,28,29 ===

Read 1 (memIndex=0):
   96  97  98
  128 129 130
  160 161 162

Read 2 (memIndex=1):
   97  98  99
  129 130 131
  161 162 163

Read 3 (memIndex=2):
   98  99 100
  130 131 132
  162 163 164

Read 4 (memIndex=3):
   99 100 101
  131 132 133
  163 164 165

Read 5 (memIndex=4):
  100 101 102
  132 133 134
  164 165 166

Read 6 (memIndex=5):
  101 102 103
  133 134 135
  165 166 167

Read 7 (memIndex=6):
  102 103 104
  134 135 136
  166 167 168

Read 8 (memIndex=7):
  103 104 105
  135 136 137
  167 168 169

Read 9 (memIndex=8):
  104 105 106
  136 137 138
  168 169 170

Read 10 (memIndex=9):
  105 106 107
  137 138 139
  169 170 171

Read 11 (memIndex=10):
  106 107 108
  138 139 140
  170 171 172

Read 12 (memIndex=11):
  107 108 109
  139 140 141
  171 172 173

Read 13 (memIndex=12):
  108 109 110
  140 141 142
  172 173 174

Read 14 (memIndex=13):
  109 110 111
  141 142 143
  173 174 175

Read 15 (memIndex=14):
  110 111 112
  142 143 144
  174 175 176

Read 16 (memIndex=15):
  111 112 113
  143 144 145
  175 176 177

Read 17 (memIndex=16):
  112 113 114
  144 145 146
  176 177 178

Read 18 (memIndex=17):
  113 114 115
  145 146 147
  177 178 179

Read 19 (memIndex=18):
  114 115 116
  146 147 148
  178 179 180

Read 20 (memIndex=19):
  115 116 117
  147 148 149
  179 180 181

Read 21 (memIndex=20):
  116 117 118
  148 149 150
  180 181 182

Read 22 (memIndex=21):
  117 118 119
  149 150 151
  181 182 183

Read 23 (memIndex=22):
  118 119 120
  150 151 152
  182 183 184

Read 24 (memIndex=23):
  119 120 121
  151 152 153
  183 184 185

Read 25 (memIndex=24):
  120 121 122
  152 153 154
  184 185 186

Read 26 (memIndex=25):
  121 122 123
  153 154 155
  185 186 187

Read 27 (memIndex=26):
  122 123 124
  154 155 156
  186 187 188

Read 28 (memIndex=27):
  123 124 125
  155 156 157
  187 188 189

Read 29 (memIndex=28):
  124 125 126
  156 157 158
  188 189 190

Read 30 (memIndex=29):
  125 126 127
  157 158 159
  189 190 191

=== Window 29 | lineIdx=3 | rows 28,29,30 ===

Read 1 (memIndex=0):
  128 129 130
  160 161 162
  192 193 194

Read 2 (memIndex=1):
  129 130 131
  161 162 163
  193 194 195

Read 3 (memIndex=2):
  130 131 132
  162 163 164
  194 195 196

Read 4 (memIndex=3):
  131 132 133
  163 164 165
  195 196 197

Read 5 (memIndex=4):
  132 133 134
  164 165 166
  196 197 198

Read 6 (memIndex=5):
  133 134 135
  165 166 167
  197 198 199

Read 7 (memIndex=6):
  134 135 136
  166 167 168
  198 199 200

Read 8 (memIndex=7):
  135 136 137
  167 168 169
  199 200 201

Read 9 (memIndex=8):
  136 137 138
  168 169 170
  200 201 202

Read 10 (memIndex=9):
  137 138 139
  169 170 171
  201 202 203

Read 11 (memIndex=10):
  138 139 140
  170 171 172
  202 203 204

Read 12 (memIndex=11):
  139 140 141
  171 172 173
  203 204 205

Read 13 (memIndex=12):
  140 141 142
  172 173 174
  204 205 206

Read 14 (memIndex=13):
  141 142 143
  173 174 175
  205 206 207

Read 15 (memIndex=14):
  142 143 144
  174 175 176
  206 207 208

Read 16 (memIndex=15):
  143 144 145
  175 176 177
  207 208 209

Read 17 (memIndex=16):
  144 145 146
  176 177 178
  208 209 210

Read 18 (memIndex=17):
  145 146 147
  177 178 179
  209 210 211

Read 19 (memIndex=18):
  146 147 148
  178 179 180
  210 211 212

Read 20 (memIndex=19):
  147 148 149
  179 180 181
  211 212 213

Read 21 (memIndex=20):
  148 149 150
  180 181 182
  212 213 214

Read 22 (memIndex=21):
  149 150 151
  181 182 183
  213 214 215

Read 23 (memIndex=22):
  150 151 152
  182 183 184
  214 215 216

Read 24 (memIndex=23):
  151 152 153
  183 184 185
  215 216 217

Read 25 (memIndex=24):
  152 153 154
  184 185 186
  216 217 218

Read 26 (memIndex=25):
  153 154 155
  185 186 187
  217 218 219

Read 27 (memIndex=26):
  154 155 156
  186 187 188
  218 219 220

Read 28 (memIndex=27):
  155 156 157
  187 188 189
  219 220 221

Read 29 (memIndex=28):
  156 157 158
  188 189 190
  220 221 222

Read 30 (memIndex=29):
  157 158 159
  189 190 191
  221 222 223

=== Window 30 | lineIdx=0 | rows 29,30,31 ===

Read 1 (memIndex=0):
  160 161 162
  192 193 194
  224 225 226

Read 2 (memIndex=1):
  161 162 163
  193 194 195
  225 226 227

Read 3 (memIndex=2):
  162 163 164
  194 195 196
  226 227 228

Read 4 (memIndex=3):
  163 164 165
  195 196 197
  227 228 229

Read 5 (memIndex=4):
  164 165 166
  196 197 198
  228 229 230

Read 6 (memIndex=5):
  165 166 167
  197 198 199
  229 230 231

Read 7 (memIndex=6):
  166 167 168
  198 199 200
  230 231 232

Read 8 (memIndex=7):
  167 168 169
  199 200 201
  231 232 233

Read 9 (memIndex=8):
  168 169 170
  200 201 202
  232 233 234

Read 10 (memIndex=9):
  169 170 171
  201 202 203
  233 234 235

Read 11 (memIndex=10):
  170 171 172
  202 203 204
  234 235 236

Read 12 (memIndex=11):
  171 172 173
  203 204 205
  235 236 237

Read 13 (memIndex=12):
  172 173 174
  204 205 206
  236 237 238

Read 14 (memIndex=13):
  173 174 175
  205 206 207
  237 238 239

Read 15 (memIndex=14):
  174 175 176
  206 207 208
  238 239 240

Read 16 (memIndex=15):
  175 176 177
  207 208 209
  239 240 241

Read 17 (memIndex=16):
  176 177 178
  208 209 210
  240 241 242

Read 18 (memIndex=17):
  177 178 179
  209 210 211
  241 242 243

Read 19 (memIndex=18):
  178 179 180
  210 211 212
  242 243 244

Read 20 (memIndex=19):
  179 180 181
  211 212 213
  243 244 245

Read 21 (memIndex=20):
  180 181 182
  212 213 214
  244 245 246

Read 22 (memIndex=21):
  181 182 183
  213 214 215
  245 246 247

Read 23 (memIndex=22):
  182 183 184
  214 215 216
  246 247 248

Read 24 (memIndex=23):
  183 184 185
  215 216 217
  247 248 249

Read 25 (memIndex=24):
  184 185 186
  216 217 218
  248 249 250

Read 26 (memIndex=25):
  185 186 187
  217 218 219
  249 250 251

Read 27 (memIndex=26):
  186 187 188
  218 219 220
  250 251 252

Read 28 (memIndex=27):
  187 188 189
  219 220 221
  251 252 253

Read 29 (memIndex=28):
  188 189 190
  220 221 222
  252 253 254

Read 30 (memIndex=29):
  189 190 191
  221 222 223
  253 254 255

