01
02
03
04
05
06
07
08
09
00
00
00
00
00
00
00
00
00
00
00
00
00
00
00
00
00
00
00
00
00
00
00
00
00
00
00
00
00
00
00
00
00
00
00
00
00
00
00
00
00
00
00
00
00
00
00
00
00
00
00
00
00
00
00
00
00
00
00
00
00
00
00
00
00
00
00
00
00
00
00
00
00
00
00
00
00
00
00
00
00
00
00
00
00
00
00
00
00
00
00
00
00
00
00
00
00
00
00
00
00
00
00
00
00
00
00
00
00
00
00
00
00
00
00
00
00
00
00
00
00
00
00
00
00
00
00
00
00
00
00
00
00
00
00
00
00
00
00
00
00
00
00
00
00
00
00
00
00
00
00
00
00
00
00
00
00
00
00
00
00
00
00
00
00
00
00
00
00
00
00
00
00
00
00
00
00
00
00
00
00
00
00
00
00
00
00
00
00
00
00
00
00
00
00
00
00
00
00
00
00
00
00
00
00
00
00
00
00
00
00
00
00
00
00
00
00
00
00
00
00
00
00
00
00
00
00
00
00
00
00
00
00
1A
80
FD
C0
0C
00
00
00
00
00
00
00
00
00
00
00
00
00
00
00
00
00
00
00
00
00
4C
C2
E1
E1
E2
E1
E7
FC
FC
FD
4A
00
00
00
00
00
00
00
00
00
00
00
00
00
00
00
00
00
00
00
20
78
F6
FC
FC
FC
FD
FC
FC
DC
FC
FD
88
00
00
00
00
00
00
00
00
00
00
00
00
00
00
00
00
00
07
2C
D7
FD
FC
E6
81
54
54
54
54
38
FC
FD
1B
00
00
00
00
00
00
00
00
00
00
00
00
00
00
00
00
00
39
FC
FC
FD
CC
19
00
00
00
00
00
6B
FC
FD
1B
00
00
00
00
00
00
00
00
00
00
00
00
00
00
00
00
00
39
FD
FD
FF
1B
00
00
00
00
00
39
FD
FD
8D
00
00
00
00
00
00
00
00
00
00
00
00
00
00
00
00
00
00
39
FC
FC
FD
4A
00
00
00
00
00
B6
FC
FC
0F
00
00
00
00
00
00
00
00
00
00
00
00
00
00
00
00
00
00
0D
9B
FC
FD
E9
4B
00
00
00
62
F0
FC
8D
00
00
00
00
00
00
00
00
00
00
00
00
00
00
00
00
00
00
00
00
0A
A1
FD
FC
E9
4B
0D
0D
E4
FC
FC
70
00
00
00
00
00
00
00
00
00
00
00
00
00
00
00
00
00
00
00
00
00
00
AE
FC
FC
FC
BD
BF
FC
FC
9D
32
00
00
00
00
00
00
00
00
00
00
00
00
00
00
00
00
00
00
00
00
00
00
00
A3
FD
FD
FD
FF
FD
C4
00
00
00
00
00
00
00
00
00
00
00
00
00
00
00
00
00
00
00
00
00
00
00
00
00
09
4E
FC
FC
FD
FC
C3
00
00
00
00
00
00
00
00
00
00
00
00
00
00
00
00
00
00
00
00
00
00
00
00
00
00
58
FC
FC
FD
FC
D0
13
00
00
00
00
00
00
00
00
00
00
00
00
00
00
00
00
00
00
00
00
00
00
00
00
00
C5
FC
FC
FD
FC
FC
B4
0D
00
00
00
00
00
00
00
00
00
00
00
00
00
00
00
00
00
00
00
00
00
00
00
00
77
FC
FC
70
ED
FC
FC
70
00
00
00
00
00
00
00
00
00
00
00
00
00
00
00
00
00
00
00
00
00
00
00
00
78
FD
FD
4F
E2
FD
FD
70
00
00
00
00
00
00
00
00
00
00
00
00
00
00
00
00
00
00
00
00
00
00
00
00
48
FC
FC
E2
30
CB
FC
ED
00
00
00
00
00
00
00
00
00
00
00
00
00
00
00
00
00
00
00
00
00
00
00
00
39
FC
FC
FD
CB
F0
FC
FC
00
00
00
00
00
00
00
00
00
00
00
00
00
00
00
00
00
00
00
00
00
00
00
00
13
63
DF
FD
FC
FC
FC
FC
00
00
00
00
00
00
00
00
00
00
00
00
00
00
00
00
00
00
00
00
00
00
00
00
00
00
00
FD
FC
FC
FC
AD
00
00
00
00
00
00
00
00
00
00
00
00
00
00
00
00
00
00
00
00
00
00
00
00
00
00
00
00
00
00
00
00
00
00
00
00
00
00
00
00
00
00
00
00
00
00
00
00
00
00
00
00
00
00
00
00
00
00
00
00
00
00
00
00
00
00
00
00
00
00
00
00
00
00
00
00
00
00
00
00
00
00
00
00
00
00
00
00
00
00
00
00
00
00
00
00
00
00
00
00
00
00
00
00
00
00
00
00
00
00
00
00
00
00
00
00
00
00
00
00
00
00
00
00
00
00
00
00
00
00
00
00
00
00
00
00
00
00
00
00
00
00
00
00
00
00
00
00
00
00
00
00
00
00
00
00
00
00
00
00
00
00
00
00
00
00
00
00
00
00
00